1
1.0 1.0
116
0 0.0 0.0 0 1 11 20 9 108 99 3 10 120 110
1 1.0 0.0 0 2 12 11 0 99 100 1 111
2 2.0 0.0 0 3 13 12 1 100 101 1 112
3 3.0 0.0 0 4 14 13 2 101 102 1 113
4 4.0 0.0 0 5 15 14 3 102 103 1 114
5 5.0 0.0 0 6 16 15 4 103 104 1 115
6 6.0 0.0 0 7 17 16 5 104 105 1 116
7 7.0 0.0 0 8 18 17 6 105 106 1 117
8 8.0 0.0 0 9 19 18 7 106 107 1 118
9 9.0 0.0 0 0 20 19 8 107 108 1 119
10 10.0 0.0 1 -1 -1 -1 -1 -1 -1 0
11 0.5 0.866025403784 0 12 23 22 20 0 1 0
12 1.5 0.866025403784 0 13 24 23 11 1 2 0
13 2.5 0.866025403784 0 14 25 24 12 2 3 0
14 3.5 0.866025403784 0 15 26 25 13 3 4 0
15 4.5 0.866025403784 0 16 27 26 14 4 5 0
16 5.5 0.866025403784 0 17 28 27 15 5 6 0
17 6.5 0.866025403784 0 18 29 28 16 6 7 0
18 7.5 0.866025403784 0 19 30 29 17 7 8 0
19 8.5 0.866025403784 0 20 31 30 18 8 9 0
20 9.5 0.866025403784 0 11 22 31 19 9 0 0
22 0.0 1.73205080757 0 23 33 42 31 20 11 1 32
23 1.0 1.73205080757 0 24 34 33 22 11 12 0
24 2.0 1.73205080757 0 25 35 34 23 12 13 0
25 3.0 1.73205080757 0 26 36 35 24 13 14 0
26 4.0 1.73205080757 0 27 37 36 25 14 15 0
27 5.0 1.73205080757 0 28 38 37 26 15 16 0
28 6.0 1.73205080757 0 29 39 38 27 16 17 0
29 7.0 1.73205080757 0 30 40 39 28 17 18 0
30 8.0 1.73205080757 0 31 41 40 29 18 19 0
31 9.0 1.73205080757 0 22 42 41 30 19 20 0
32 10.0 1.73205080757 1 -1 -1 -1 -1 -1 -1 0
33 0.5 2.59807621135 0 34 45 44 42 22 23 0
34 1.5 2.59807621135 0 35 46 45 33 23 24 0
35 2.5 2.59807621135 0 36 47 46 34 24 25 0
36 3.5 2.59807621135 0 37 48 47 35 25 26 0
37 4.5 2.59807621135 0 38 49 48 36 26 27 0
38 5.5 2.59807621135 0 39 50 49 37 27 28 0
39 6.5 2.59807621135 0 40 51 50 38 28 29 0
40 7.5 2.59807621135 0 41 52 51 39 29 30 0
41 8.5 2.59807621135 0 42 53 52 40 30 31 0
42 9.5 2.59807621135 0 33 44 53 41 31 22 0
44 0.0 3.46410161514 0 45 55 64 53 42 33 1 54
45 1.0 3.46410161514 0 46 56 55 44 33 34 0
46 2.0 3.46410161514 0 47 57 56 45 34 35 0
47 3.0 3.46410161514 0 48 58 57 46 35 36 0
48 4.0 3.46410161514 0 49 59 58 47 36 37 0
49 5.0 3.46410161514 0 50 60 59 48 37 38 0
50 6.0 3.46410161514 0 51 61 60 49 38 39 0
51 7.0 3.46410161514 0 52 62 61 50 39 40 0
52 8.0 3.46410161514 0 53 63 62 51 40 41 0
53 9.0 3.46410161514 0 44 64 63 52 41 42 0
54 10.0 3.46410161514 1 -1 -1 -1 -1 -1 -1 0
55 0.5 4.33012701892 0 56 67 66 64 44 45 0
56 1.5 4.33012701892 0 57 68 67 55 45 46 0
57 2.5 4.33012701892 0 58 69 68 56 46 47 0
58 3.5 4.33012701892 0 59 70 69 57 47 48 0
59 4.5 4.33012701892 0 60 71 70 58 48 49 0
60 5.5 4.33012701892 0 61 72 71 59 49 50 0
61 6.5 4.33012701892 0 62 73 72 60 50 51 0
62 7.5 4.33012701892 0 63 74 73 61 51 52 0
63 8.5 4.33012701892 0 64 75 74 62 52 53 0
64 9.5 4.33012701892 0 55 66 75 63 53 44 0
66 0.0 5.19615242271 0 67 77 86 75 64 55 1 76
67 1.0 5.19615242271 0 68 78 77 66 55 56 0
68 2.0 5.19615242271 0 69 79 78 67 56 57 0
69 3.0 5.19615242271 0 70 80 79 68 57 58 0
70 4.0 5.19615242271 0 71 81 80 69 58 59 0
71 5.0 5.19615242271 0 72 82 81 70 59 60 0
72 6.0 5.19615242271 0 73 83 82 71 60 61 0
73 7.0 5.19615242271 0 74 84 83 72 61 62 0
74 8.0 5.19615242271 0 75 85 84 73 62 63 0
75 9.0 5.19615242271 0 66 86 85 74 63 64 0
76 10.0 5.19615242271 1 -1 -1 -1 -1 -1 -1 0
77 0.5 6.06217782649 0 78 89 88 86 66 67 0
78 1.5 6.06217782649 0 79 90 89 77 67 68 0
79 2.5 6.06217782649 0 80 91 90 78 68 69 0
80 3.5 6.06217782649 0 81 92 91 79 69 70 0
81 4.5 6.06217782649 0 82 93 92 80 70 71 0
82 5.5 6.06217782649 0 83 94 93 81 71 72 0
83 6.5 6.06217782649 0 84 95 94 82 72 73 0
84 7.5 6.06217782649 0 85 96 95 83 73 74 0
85 8.5 6.06217782649 0 86 97 96 84 74 75 0
86 9.5 6.06217782649 0 77 88 97 85 75 66 0
88 0.0 6.92820323028 0 89 99 108 97 86 77 1 98
89 1.0 6.92820323028 0 90 100 99 88 77 78 0
90 2.0 6.92820323028 0 91 101 100 89 78 79 0
91 3.0 6.92820323028 0 92 102 101 90 79 80 0
92 4.0 6.92820323028 0 93 103 102 91 80 81 0
93 5.0 6.92820323028 0 94 104 103 92 81 82 0
94 6.0 6.92820323028 0 95 105 104 93 82 83 0
95 7.0 6.92820323028 0 96 106 105 94 83 84 0
96 8.0 6.92820323028 0 97 107 106 95 84 85 0
97 9.0 6.92820323028 0 88 108 107 96 85 86 0
98 10.0 6.92820323028 1 -1 -1 -1 -1 -1 -1 0
99 0.5 7.79422863406 0 100 1 0 108 88 89 0
100 1.5 7.79422863406 0 101 2 1 99 89 90 0
101 2.5 7.79422863406 0 102 3 2 100 90 91 0
102 3.5 7.79422863406 0 103 4 3 101 91 92 0
103 4.5 7.79422863406 0 104 5 4 102 92 93 0
104 5.5 7.79422863406 0 105 6 5 103 93 94 0
105 6.5 7.79422863406 0 106 7 6 104 94 95 0
106 7.5 7.79422863406 0 107 8 7 105 95 96 0
107 8.5 7.79422863406 0 108 9 8 106 96 97 0
108 9.5 7.79422863406 0 99 0 9 107 97 88 0
110 0.0 8.66025403784 1 -1 -1 -1 -1 -1 -1 0
111 1.0 8.66025403784 1 -1 -1 -1 -1 -1 -1 0
112 2.0 8.66025403784 1 -1 -1 -1 -1 -1 -1 0
113 3.0 8.66025403784 1 -1 -1 -1 -1 -1 -1 0
114 4.0 8.66025403784 1 -1 -1 -1 -1 -1 -1 0
115 5.0 8.66025403784 1 -1 -1 -1 -1 -1 -1 0
116 6.0 8.66025403784 1 -1 -1 -1 -1 -1 -1 0
117 7.0 8.66025403784 1 -1 -1 -1 -1 -1 -1 0
118 8.0 8.66025403784 1 -1 -1 -1 -1 -1 -1 0
119 9.0 8.66025403784 1 -1 -1 -1 -1 -1 -1 0
120 10.0 8.66025403784 1 -1 -1 -1 -1 -1 -1 0
